1ND Essx.

ἴσος 77, 6.

ἵησι 118, 4.

ἴςίῳ 79, 12.

ἴνοξῖᾳ 88, 16.

ἶςορῖαις 85, 6.

tropina, 190, 2.

'Is-pon 141, 4.

ἶχῖα 91, 17.

ἲχὺ 107, 2. 124, 14.

{¹5⁰ae ‘zm ν,48 10·

. ξυκρνν 63, 6.
,Uaga-063, 13

ἴχυ vag οπο ιέσα. 83, 8.

ἴσως 48,12. 61,10. 71,13.
87, 13. 88, 6. 95, 13. 103,
8· 144, 3- 156, 3·

ἶταμόι 59, 1.

ἴχνη 191, 4.

ἴχνος 196, 13.

ἴδη 107, 9.

Ἴων (Χῖος) 135, 17·

'¹12 ε,ς110 15. 111, 3. 6.

Ἰωνικὸν 175, 13. 16. 179, 2.
'‘1⁶¹05136 .·7

K.

Κςῖὖὲιαςον 166,* 4.

chfam 115, 2.

καθάπερ 60, 14. 61, 13. 65, 7.
76, 13. 83, 11. 95, 6. 98,

8. 122, 10. 132, 14. 147,
13. 151, 16. 152, 15. 189,

⁴ 15. 190,3.
καθαραὶ 133, 14.
καθαρὰν 61, 6.
καθαρᾶς 85, 16.

asaph· 132, 15. 133, 3. 141,

καθεύδειν 59, 13.
καθέςνηκεν 194, 3.
κωθεςῶς 83, 15.
καθῆκει 49, 2.
καθιεὶς 99, 5.
καθιῗαμίνηυ 87, 2.
καθῖςοιντοᾳ 60, 15.

411

καθιςέἱσαυ 149, 16.

καθίςαται 50, 2. 51, 2. 102,
14. 158, 17.

καθολικῶς 133, 5.

aza-8671& 82, 9. 183, 8.

aew9’3'cov 66, 16. 96, 6.

καίει 84, 9.

καί tm 78, 7.

Καικιιολ ς48,.7 56,14.65,1.
66, 6. 125, 14. 126 ,17.
132, 7.

Καυιιλῖε 47, 1.

καινὸν 104, 8.

ἑιαυὸστεῦοι 60, 8.

tasting& 104, 9.

καινῶς 145, 10.

καῖον 84, 13.

καίπερ 194, 14. 198, 16.

καιρίων 47, 5.

ataugia),- 50, 6.

κιαξιῶτατα 76,12.

καιροι 51, 10. 111, 4. 159, 1.

ιιιαρος 84, 16. 105, 8. 119, 10.
127, 3. 186, 12.

mapa» 99, 16.

κοιίοιτ 58,5. 60, 1. 61,7. 141,
8.147,9.149‚4.182,10.
194, 11.

κακὰόο, 10. 164, 5.

κᾴκεῖσε 110, 5.

aaz ιὀις 55, 13. 61, 3.

κα ’tp-mac 117, 8.

m όζηλυ 55,11.

κακοῖ 54, 15.

κακοῖς 166, 10.

κακὸν 55, 6.

κακόςομον 156, 5.

κακῶ, 70, 12. 129,8. 153, 3.

κακῶς 79, 5.

καλοὶ 63, 8. 106, 10. 125, 3.
131, 8. 138, 11. 165, 13.
185, 12.

καλὰς 59, 16.

κᾳλεῖσθαι 199, 10.

καλεῖται 90, 7. 178, 7. 14. 179,
1. 3.

194, 1.

’ καλὲ» 132, 2.

